"","1","2","3","4","5","6","7","8"
"1",1,0,0,0,0,0,0,0
"2",0.988372222114017,0.0115695745063514,5.8041343677348e-05,1.61765171898963e-07,2.70510320901276e-10,2.71415037693588e-13,1.51290433496984e-16,3.61420051354476e-20
"3",0.976860527456411,0.0229079520676545,0.000230230674046779,1.28548673392953e-06,4.30648822086945e-09,8.65625773039086e-12,9.66639612550627e-15,4.62617665733729e-18
"4",0.965463948674138,0.034018025037176,0.000513695008950645,4.30952188716984e-06,2.16922242642777e-08,6.55134289860736e-11,1.09921860714889e-13,7.90425652312238e-17
"5",0.95418152487391,0.0449026599940664,0.000905599865426549,1.01467772036588e-05,6.82136282598912e-08,2.75147408107124e-10,6.16576824889914e-13,5.92150612139173e-16
"6",0.94301230158978,0.0555646979051218,0.00140314893699802,1.96850299803314e-05,1.65698905558345e-07,8.36863159385582e-10,2.34810089614361e-12,2.82359415120684e-15
"7",0.931955330750847,0.0660069542858947,0.0020035837725904,3.37872474298549e-05,3.41860850892292e-07,2.07537784690093e-09,6.99958801652928e-12,1.01174483495966e-14
"8",0.921009670649064,0.0762322193611557,0.00270418345706802,5.32919037147414e-05,6.30140753383767e-07,4.47059318279024e-09,1.7620581238475e-11,2.97644953352619e-14
"9",0.910174385907164,0.0862432582247059,0.00350226429338907,7.90132948311128e-05,1.06955390634332e-06,8.68673223426047e-09,3.91956333187162e-11,7.57952783538142e-14
"10",0.899448547446675,0.0960428109985433,0.00439517948637401,0.000111741851348492,1.70453671548547e-06,1.56008445146128e-08,7.9326328040404e-11,1.72866090160687e-13
"11",0.888831232456064,0.105633592991383,0.00538031882808401,0.000152244449011998,2.58479539918503e-06,2.63306831835487e-08,1.4901348717345e-10,3.61420051354476e-13
"12",0.878321524358974,0.115018294856532,0.00645510838480538,0.00020126471721332,3.76515627439884e-06,4.22619581820278e-08,2.63538287983167e-10,7.04305434357345e-13
"13",0.867918512782575,0.124199582749125,0.00761701018563628,0.000259523345336841,5.3054176218775e-06,6.50749691269471e-08,4.43441016197255e-10,1.29503338874837e-12
"14",0.857621293526021,0.13318009848271,0.00886352191267181,0.000327718386987297,7.27020312429157e-06,9.67706217909116e-08,7.15596179341212e-10,2.26785722365572e-12
"15",0.847428968529013,0.141962459685202,0.0101921765927838,0.000406525562105335,9.7288168708969e-06,1.39695831992366e-07,1.11438270535221e-09,3.80985540291352e-12
"16",0.837340645840471,0.150549259954194,0.011600542290991,0.000496598556977354,1.27550999223636e-05,1.96568320721356e-07,1.68294795138147e-09,6.17520040868937e-12
"17",0.82735543958731,0.158943069011627,0.013086221805417,0.000598569322146004,1.64272884293929e-05,2.70500804326195e-07,2.47456424769532e-09,9.70179562928822e-12
"18",0.817472469943325,0.167146432857828,0.0146468523638303,0.000713048368227704,2.08278732987474e-05,3.65024583586294e-07,3.55407670158477e-09,1.48304624268387e-11
"19",0.807690863098181,0.175161873924907,0.0162801053217642,0.000840625059643588,2.60434614003177e-05,4.84112535496439e-07,4.99944098619387e-09,2.21268595405679e-11
"20",0.798009751226513,0.182991891229528,0.0179836858622122,0.000981867906270209,3.21646383088517e-05,6.32201511587774e-07,6.90334983917685e-09,3.23063169813695e-11
"21",0.788428272457121,0.190638960525038,0.0197553326968951,0.00113732485301641,3.92858325739694e-05,8.14214146610765e-07,9.37494699609401e-09,4.62617665733729e-11
"22",0.778945570842287,0.198105534452969,0.0215928177690953,0.00130752356733276,4.75051815120898e-05,1.03558008140542e-06,1.25416272834566e-08,6.50949512982178e-11
"23",0.769560796327184,0.20539404269391,0.0234939459580556,0.0014929717246598,5.69243985138919e-05,1.30225660378401e-06,1.65509215963306e-08,9.01510955977402e-11
"24",0.760273104719397,0.212506892117748,0.0254565547849386,0.00169415729182172,6.76486418609369e-05,1.62074871125161e-06,2.15724654854092e-08,1.23057218790777e-10
"25",0.751081657658548,0.21944646693328,0.0274785141203412,0.00191154880837156,7.97863850450738e-05,1.99812859938967e-06,2.7800050078465e-08,1.65764273759792e-10
"26",0.741985622586028,0.226215128837204,0.0295577258933628,0.00214559566589452,9.3449288584256e-05,2.44205457972794e-06,3.54537540610909e-08,2.20593293063035e-10
"27",0.732984172714827,0.232815217162475,0.0316921238022218,0.00239672838527564,0.000108752073328389,2.96078943092996e-06,4.47821554416398e-08,2.90285724627932e-10
"28",0.724076486999478,0.239249049026051,0.0338796730264164,0.00266535889193835,0.000125812395248838,3.56321818711745e-06,5.60646218252745e-08,3.78058139181422e-10
"29",0.715261750106101,0.245518919476,0.0361183699404273,0.00295188078906002,0.00014475072170522,4.25886536715884e-06,6.96136779220359e-08,4.87661491572931e-10
"30",0.70653915238255,0.251627101637996,0.0384062418289573,0.00325666962877123,0.000165690209183098,5.05791164874719e-06,8.57774490138413e-08,6.23445118145714e-10
"31",0.697907889828665,0.257575846861194,0.0407413466037039,0.0035800831813448,0.000188756582496211,5.9712099910928e-06,1.04942179105322e-07,7.90425652312239e-10
"32",0.689367164066632,0.263367384863484,0.0431217725216621,0.00392246170238123,0.000214078015446863,7.01030121005573e-06,1.27534822483408e-07,9.9436104048935e-10
"33",0.680916182311441,0.269003923876125,0.0455456379049524,0.0042841281979967,0.000241785012938085,8.18742900954363e-06,1.5402570741058e-07,1.24182984054889e-09
"34",0.672554157341452,0.274487650787766,0.048011090862171,0.00466538868802015,0.00027201029453121,9.51555447299994e-06,1.84931270676677e-07,1.54031598493951e-09
"35",0.664280307469061,0.279820731287852,0.0505163090112583,0.00506653246720585,0.000304888679442476,1.1008370018808e-05,2.20816861734201e-07,1.89829919063536e-09
"36",0.656093856511473,0.285005310009417,0.0530594992038807,0.00548783236446757,0.000340556972972278,1.26803128234359e-05,2.62299615141996e-07,2.32535119806734e-09
"37",0.647994033761574,0.290043510671255,0.0556388972513243,0.00592954500014113,0.000379153854360712,1.45465777161481e-05,3.10051390042233e-07,2.83223802119269e-09
"38",0.639980073958911,0.294937436219498,0.0582527676518937,0.00639191104128134,0.000420819766063007,1.66231295491081e-05,3.64801775395611e-07,3.43102839085857e-09
"39",0.632051217260768,0.299689168968564,0.0608994033198151,0.00687515545499992,0.000465696804438498,1.89267150466983e-05,4.27341159699664e-07,4.13520857361529e-09
"40",0.624206709213352,0.304300770741509,0.0635771253156367,0.00737948775985069,0.000513928611846744,2.14748741378818e-05,4.98523863915114e-07,4.95980374813506e-09
"41",0.616445800723074,0.308774283009769,0.0662842825781257,0.00790510227526842,0.000565660270144431,2.42859507754317e-05,5.79271336325146e-07,5.92150612139173e-09
"42",0.608767748027943,0.313111727032293,0.069019251657656,0.00845217836906779,0.000621038195576666,2.7379103245853e-05,6.70575408052553e-07,7.03880996675747e-09
"43",0.601171812669043,0.317315103994073,0.071780436451083,0.00902088070300864,0.000680210035056307,3.07743139738221e-05,7.73501607959623e-07,8.33215376617188e-09
"44",0.593657261462137,0.321386395144071,0.0745662679381028,0.00961135947643411,0.00074332456382494,3.44923988249702e-05,8.89192535655708e-07,9.82406963853942e-09
"45",0.58622336646935,0.32532756193254,0.0773752039190906,0.0102237506679879,0.000810531584489135,3.85550159108345e-05,1.01887129133737e-06,1.15393402365107e-08
"46",0.578869404970966,0.329140546147751,0.080205728754416,0.0108581762754173,0.000881981827425595,4.29846738998034e-05,1.16384496118601e-06,1.35051632938036e-08
"47",0.571594659437323,0.332827270052112,0.0830563531052288,0.0115147445534675,0.000957826852548836,4.78047398378804e-05,1.32550815704792e-06,1.57513240052194e-08
"48",0.564398417500812,0.336389636517694,0.0859256136757154,0.0121935502498751,0.00103821895243502,5.30394464830932e-05,1.50534660912161e-06,1.83103754215102e-08
"49",0.557279971927969,0.339829529161157,0.0888120729568179,0.0128946748394654,0.00112331105679553,5.87138991573709e-05,1.70494081037738e-06,2.12178270412533e-08
"50",0.550238620591676,0.343148812478081,0.0917143189714145,0.0136181867563615,0.00121325663829403,6.48540821197171e-05,1.92596971143402e-06,2.45123417818876e-08
"51",0.543273666443457,0.346349331976703,0.0946309650209572,0.0143641416243105,0.00130820961970041,7.14868644645031e-05,2.17021446461758e-06,2.82359415120684e-08
"52",0.536384417485884,0.34943291431106,0.0975606494335623,0.0151325824851328,0.0014083242823755,7.8640005548705e-05,2.43956221592698e-06,3.24342213274963e-08
"53",0.529570186745065,0.352401367413535,0.100502035313549,0.0159235400253033,0.00151375517608003,8.63421599519137e-05,2.73600994363164e-06,3.71565727523753e-08
"54",0.52283029224325,0.355256480626823,0.103453810292427,0.0167370328006673,0.00162465703010141,9.4622881972939e-05,3.06166834222574e-06,4.24564160486563e-08
"55",0.51616405697153,0.3580000248353,0.106414686281319,0.0175730674593003,0.00174118466569214,0.000103512629666836,3.41876575046429e-06,4.8391441815222e-08
"56",0.509570808862633,0.360633752595797,0.109383399224828,0.018431638962517,0.0018634929098133,0.000113042768426175,3.80965212220564e-06,5.50238620591676e-08
"57",0.503049880763823,0.363159398267806,0.112358708856338,0.019312730804036,0.00199173651017682,0.000123245574110389,4.23680303878562e-06,6.24206709213352e-08
"58",0.496600610409896,0.365578678143079,0.115339398454735,0.020216315227306,0.00212607005158015,0.000134154235727013,4.70282376164806e-06,7.0653915238255e-08
"59",0.490222340396278,0.367893290574656,0.11832427460257,0.0211423534410014,0.00226664787352695,0.000145802857668647,5.21045332395657e-06,7.98009751226514e-08
"60",0.483914418152219,0.370104916105308,0.121312166945629,0.0220907958326917,0.00241362398912743,0.000158226461509465,5.7625686599126e-06,8.99448547446676e-08
"61",0.477676195914088,0.372215217595393,0.124301927953935,0.0230615821806929,0.00256715200527194,0.000171460987365102,6.3621887705047e-06,1.01174483495967e-07
"62",0.471507030698763,0.374225840350134,0.127292432684153,0.0240546418641058,0.00272738504407148,0.000185543294819732,7.01247892441368e-06,1.13585027718862e-07
"63",0.465406284277126,0.376138412246318,0.130282578543418,0.0250698940710487,0.0028944756655587,0.000200511163424178,7.7167548927989e-06,1.27278213182637e-07
"64",0.459373323147649,0.37795454385842,0.133271285054555,0.02610724800509,0.00306857579164304,0.000216403292768857,8.47848721669028e-06,1.42362658489202e-07
"65",0.453407518510078,0.37967582858414,0.136257493622719,0.027166603089888,0.0032498366313137,0.000233259302135414,9.3013055057112e-06,1.58954219590258e-07
"66",0.447508246239226,0.381303842769378,0.139240167303425,0.0282478491720431,0.0034384086070839,0.000251119729730846,1.01890027668571e-05,1.77176345598103e-07
"67",0.44167488685885,0.382840145832624,0.142218290571969,0.02935086672217,0.00363444128267021,0.000270026031507956,1.11455397620544e-05,1.97160446072258e-07
"68",0.435906825515629,0.384286280388779,0.145190869094257,0.0304755270341955,0.00383808329190056,0.000290020579575945,1.21750493932257e-05,2.19046269964051e-07
"69",0.430203451953248,0.385643772372403,0.148156929499002,0.0316216924228881,0.00404948226884443,0.000311146660204996,1.32818411135842e-05,2.42982296401326e-07
"70",0.424564160486563,0.386914131160396,0.151115519151325,0.032789216419627,0.00426878477915899,0.000333448471428646,1.44704053638846e-05,2.69126137495428e-07
"71",0.418988349975882,0.388098849694107,0.154065705927717,0.0339779439664153,0.00449613625264474,0.000356971120247787,1.57454180323535e-05,2.97644953352619e-07
"72",0.413475423801327,0.38919940460087,0.157006577992397,0.0351877116081445,0.00473168091700427,0.000381760619440118,1.71117449370255e-05,3.28715879472081e-07
"73",0.408024789837299,0.390217256314988,0.159937243575023,0.0364183476831173,0.00497556173279781,0.000407863883978872,1.85744463292086e-05,3.62526466712664e-07
"74",0.402635860427038,0.391153849198131,0.162856830749792,0.037669672511834,0.00522792032958913,0.000435328727064647,2.01387814168056e-05,3.9927513401054e-07
"75",0.397308052357286,0.392010611659189,0.165764487215886,0.0389414985840493,0.00548889694327553,0.000464203855774159,2.18102129062144e-05,4.39171634029896e-07
"76",0.392040786833031,0.392788956273552,0.168659380079292,0.040233630744106,0.00575863035459533,0.000494538866329751,2.35944115615339e-05,4.82437531928856e-07
"77",0.386833489452362,0.393490279901829,0.171540695635979,0.041545866374552,0.00603725782880679,0.000526384238993479,2.54972607797989e-05,5.29306697422758e-07
"78",0.381685590181412,0.39411596380801,0.174407639156418,0.0428779955780466,0.00632491505653179,0.000559791332589595,2.75248611809699e-05,5.80025810326952e-07
"79",0.376596523329398,0.394667373777065,0.177259434671465,0.0442298013575633,0.00662173609575803,0.000594812378659263,2.96835352114028e-05,6.34854879761288e-07
"80",0.371565727523753,0.395145860231991,0.180095324759581,0.0456010597948938,0.00692785331499348,0.000631500475251329,3.19798317595224e-05,6.94067777198427e-07
"81",0.366592645685362,0.395552758350294,0.182914570335396,0.0469915402274621,0.00724339733756641,0.000669909580352963,3.44205307824258e-05,7.57952783538141e-07
"82",0.361676725003883,0.395889388179926,0.185716450439618,0.0484010054234525,0.00756849698706497,0.00071009450496401,3.70126479421395e-05,8.26813150389769e-07
"83",0.356817416913166,0.396157054754657,0.188500262030262,0.0498292117552596,0.00790327923390964,0.000752110905818867,3.97634392502561e-05,9.00967675744956e-07
"84",0.352014177066774,0.396357048208906,0.191265319775228,0.0512759093712659,0.00824786914305246,0.000796015277759714,4.26804057196746e-05,9.80751294222866e-07
"85",0.347266465313581,0.396490643892011,0.194010955846188,0.052740842365954,0.00860238982279639,0.000841864945764928,4.57712980221709e-05,1.06651568207e-06
"86",0.342573745673486,0.396559102481953,0.19673651971381,0.0542237489483587,0.00896696237472858,0.000889718056636493,4.904412115052e-05,1.15862987709678e-06
"87",0.337935486313201,0.396563670098533,0.199441377944291,0.0557243616088663,0.00934170584476121,0.00093963357035025,5.25071390838996e-05,1.25748091373305e-06
"88",0.333351159522149,0.396505578415993,0.202124913997215,0.0572424072843676,0.00972673717527341,0.000991671251072797,5.61688794552952e-05,1.36347447338468e-06
"89",0.328820241688442,0.396386044775108,0.204786528024713,0.0587776075217703,0.0101221711583479,0.00104589165784886,6.00381382196348e-05,1.47703555027338e-06
"90",0.324342213274963,0.39620627229471,0.207425636671936,0.0603296786398769,0.0105281203900962,0.00110235613496301,6.41239843213778e-05,1.59860913294191e-06
"91",0.319916558795537,0.395967449982688,0.210041672878833,0.0618983318896363,0.0109446952260654,0.00116112680197943,6.84357643602807e-05,1.72866090160687e-06
"92",0.315542766791191,0.395670752846434,0.212634085683222,0.0634832736127729,0.0113720037377211,0.00122226654346373,7.29831072540677e-05,1.8676779415411e-06
"93",0.311220329806516,0.395317342002754,0.215202340025168,0.0650842053988017,0.0118101516699995,0.00128583899839048,7.77759288967286e-05,2.01616947266809e-06
"94",0.306948744366115,0.394908364787235,0.217745916552646,0.0667008242404349,0.0122592423999218,0.00135190854924039,8.28244368111702e-05,2.17466759555021e-06
"95",0.302727510951144,0.394444954863075,0.220264311428489,0.0683328226873861,0.0127193768962659,0.00142054031079089,8.81391347949462e-05,2.34372805395331e-06
"96",0.298556133975947,0.393928232329375,0.222757036138635,0.0699798889985791,0.0131906536802877,0.00149180011860397,9.37308275577891e-05,2.52393101416949e-06
"97",0.294434121764786,0.393359303828899,0.225223617301636,0.0716417072927669,0.0136731687874863,0.00156575451721513,9.96106253496706e-05,2.71588186128042e-06
"98",0.290360986528654,0.392739262655291,0.227663596479462,0.073317957697569,0.0141670157304068,0.00164247074802724,0.000105789948578116,2.92021201254332e-06
"99",0.286336244342191,0.392069188859767,0.230076529989564,0.0750083164969303,0.0146722854624734,0.00172201673691304,0.000112280532413492,3.13757974808161e-06
"100",0.282359415120684,0.391350149357268,0.232461988718217,0.0767124562770117,0.0151890663428483,0.00180446108153038,0.000119094431381005,3.36867105906272e-06
"101",0.27843002259716,0.390583198032088,0.234819557935123,0.0784300460705154,0.0157174441023077,0.00188987303835363,0.000126244023938118,3.61420051354476e-06
"102",0.274547594299572,0.389769375842967,0.237148837109275,0.0801607514994538,0.0162575018101302,0.00197832250942548,0.000133742017036127,3.87491214017465e-06
"103",0.270711661528075,0.388909710927657,0.239449439726083,0.0819042349163664,0.0168093198419907,0.00206988002883266,0.000141601450664608,4.15158032991953e-06
"104",0.266921759332393,0.388005218706966,0.241720993105751,0.0836601555439932,0.0173729758488534,0.00216461674890956,0.000149835702377476,4.44501075601384e-06
"105",0.263177426489275,0.387056901988267,0.243963138222907,0.0854281696134087,0.0179485447268576,0.00226260442617356,0.000158458491799361,4.75604131230404e-06
"106",0.259478205480045,0.386065751068487,0.246175529527477,0.0872079305006244,0.0185360985881894,0.00236391540699582,0.00016748388511104,5.08554307017327e-06
"107",0.25582364246824,0.385032743836581,0.2483578347668,0.0889990888616662,0.0191357067329343,0.0024686226130114,0.00017692629951265,5.43442125422801e-06
"108",0.25221328727734,0.383958845875462,0.250509734808991,0.0908012927661315,0.0197474356219026,0.00257679952627265,0.000186800507663397,5.803616236929e-06
"109",0.248646693368582,0.382845010563439,0.252630923467524,0.0926141878292348,0.0203713488504223,0.00268852017414942,0.000197121642096495,6.19410455234842e-06
"110",0.245123417818876,0.381692179175107,0.254721107327061,0.0944374173423458,0.0210075071230932,0.0028038591139802,0.000207905199608056,6.60689992923559e-06
"111",0.241643021298794,0.380501280981742,0.256780005570501,0.0962706224020282,0.0216559682294951,0.00292289141747787,0.000219167045618654,7.04305434357345e-06
"112",0.238205068050667,0.379273233351164,0.258807349807249,0.0981134420375843,0.022316787020844,0.00304569265489387,0.000230923418506298,7.50365909080769e-06
"113",0.234809125866753,0.378008941847094,0.260802883902718,0.0999655133371128,0.0229900153875906,0.00317233887894474,0.000243190933909522,7.9898458779309e-06
"114",0.23145476606751,0.376709300327985,0.262766363809026,0.101826471572085,0.0236757022379539,0.00330290660850468,0.000255986588999334,8.50278793560399e-06
"115",0.228141563479946,0.375375191045355,0.264697557396931,0.103695950320447,0.0243738934773834,0.0034374728120681,0.000269327766718738,9.04370115049664e-06
"116",0.224869096416065,0.374007484741596,0.266596244288948,0.105573581588254,0.0250846319889447,0.00357611489098591,0.000283232239988554,9.61384521802942e-06
"117",0.221636946651397,0.372607040747277,0.26846221569369,0.107458995929842,0.0258079576146203,0.00371891066247945,0.000297718175878272,1.02145248156994e-05
"118",0.218444699403621,0.371174707077938,0.270295274241403,0.109351822566543,0.0265439071375218,0.00386593834243574,0.000312804139740651,1.08470907971714e-05
"119",0.215291943311271,0.369711320530374,0.272095233820691,0.111251689503956,0.0272925142650037,0.00401727652798806,0.000328509099308795,1.15129414073174e-05
"120",0.212178270412533,0.368217706778417,0.273861919416447,0.113158223647768,0.0280538096126759,0.00417300417988554,0.00034485242875443,1.22135235183861e-05
"121",0.20910327612413,0.366694680468204,0.275595166948963,0.115071050918147,0.0288278206893063,0.00433320060465564,0.000361853912706108,1.29503338874837e-05
"122",0.206066559220295,0.365143045312949,0.277294823114227,0.116989796362697,0.0296145718826074,0.00449794543656338,0.000379533750226059,1.37249204355509e-05
"123",0.203067721811826,0.36356359418721,0.278960745225406,0.118914084267993,0.0304140844459018,0.00466731861937109,0.000397912558744425,1.45388835480144e-05
"124",0.200106369325237,0.361957109220649,0.280592801055503,0.120843538269702,0.0312263764856583,0.00484140038790249,0.000417011377949584,1.53938773972986e-05
"125",0.197182110481991,0.360324361891302,0.282190868681188,0.122777781461289,0.0320514629498944,0.00502027124941503,0.000436851673633308,1.62916112873775e-05
"126",0.194294557277819,0.358666113118336,0.283754836327797,0.124716436501317,0.032889355617436,0.00520401196478419,0.000457455341489468,1.72338510205496e-05
"127",0.191443324962126,0.356983113354323,0.285284602215506,0.126659125719358,0.0337400630880319,0.00539270352950362,0.000478844710865015,1.82224202866179e-05
"128",0.188628032017489,0.355276102677008,0.286780074406653,0.128605471220497,0.0346035907733118,0.005586427154505,0.00050104254846196,1.92592020746576e-05
"129",0.185848300139234,0.353545810880581,0.288241170654231,0.13055509498847,0.0354799408885863,0.00578526424680134,0.000524072061989081,2.0346140107553e-05
"130",0.183103754215102,0.351792957566462,0.289667818251534,0.132507618987404,0.0363691124454789,0.00598929638995759,0.000547956903762078,2.14852402994857e-05
"131",0.180394022305004,0.35001825223359,0.291059953882943,0.134462665262198,0.0372711012453854,0.00619860532439245,0.000572721174250902,2.26785722365572e-05
"132",0.177718735620856,0.348222394368215,0.292417523475873,0.136419856037533,0.038185899873754,0.0064132729275151,0.00059838942557299,2.3928270680727e-05
"133",0.175077528506503,0.34640607353321,0.293740482053857,0.138378813815521,0.0391134976951795,0.00663338119370068,0.000624986664931113,2.5236537097249e-05
"134",0.172470038417732,0.344569969456885,0.295028793590766,0.140339161472003,0.0400538808493055,0.00685901221410853,0.000652538357994589,2.6605641205788e-05
"135",0.16989590590236,0.342714752121319,0.296282430866173,0.142300522351495,0.0410070322475277,0.00709024815634672,0.000681070432222553,2.80379225553985e-05
"136",0.167354774580418,0.340841081850206,0.297501375321839,0.144262520360806,0.041972931570493,0.00732717124398692,0.000710609280128042,2.95357921235485e-05
"137",0.164846291124415,0.338949609396206,0.298685616919335,0.146224780061302,0.0429515552663867,0.00756986373593338,0.000741181762481598,3.11017339393697e-05
"138",0.162370105239685,0.337040976027832,0.299835153998785,0.148186926759861,0.0439428765500022,0.00781840790564975,0.000772815211453114,3.27383067313162e-05
"139",0.159925869644821,0.335115813615829,0.300949993138727,0.150148586598497,0.0449468654025871,0.00807288602024774,0.000805537433690664,3.44481455994148e-05
"140",0.157513240052194,0.333174744719097,0.302030149017095,0.152109386642667,0.0459634885724582,0.00833338031944133,0.000839376713335033,3.62339637122887e-05
"141",0.155131875148554,0.331218382670115,0.303075644273308,0.154068954968275,0.0469927095763803,0.00859997299437025,0.000874361814968653,3.80985540291352e-05
"142",0.152781436575716,0.329247331659894,0.304086509371474,0.156026920747372,0.0480344887017019,0.00887274616629691,0.000910521986497718,4.00447910468429e-05
"143",0.150461588911331,0.327262186822457,0.305062782464697,0.157982914332556,0.0490887830092407,0.00915178186518011,0.000947886961966139,4.20756325724263e-05
"144",0.148171999649737,0.32526353431883,0.306004509260479,0.159936567340089,0.050155546336914,0.00943716200812987,0.000986486964300125,4.41941215209643e-05
"145",0.145912339182899,0.323251951420575,0.306911742887228,0.161887512731724,0.0512347293041062,0.00972896837774676,0.00102635270798208,4.6403387739221e-05
"146",0.143682280781425,0.321228006592833,0.307784543761855,0.163835384895261,0.0523262793167683,0.0100272826003499,0.00106751540165252,4.87066498551339e-05
"147",0.141481500575673,0.319192259576905,0.308622979458465,0.165779819723826,0.0534301405732419,0.0103321861240971,0.00111000675063884,5.11072171533491e-05
"148",0.139309677536936,0.31714526147236,0.309427124578121,0.167720454693893,0.0545462540708016,0.0106437601970015,0.00115385895940946,5.36084914769882e-05
"149",0.137166493458707,0.315087554818671,0.310197060619711,0.169656928942045,0.0556745576129104,0.010962085844848,0.00119910473395233,5.62139691558267e-05
"150",0.135051632938036,0.313019673676382,0.310932875851873,0.171588883340478,0.0568149858171805,0.0112872438490132,0.00124577728407627,5.89272429610681e-05
"151",0.132964783356961,0.310942143707814,0.311634665186005,0.173515960571272,0.0579674701240331,0.0116193147241937,0.00129391032563404,6.17520040868936e-05
"152",0.13090563486402,0.308855482257297,0.312302530050347,0.175437805199414,0.0591319388060524,0.0119583786960454,0.00134353808266582,6.46920441589728e-05
"153",0.128873880355856,0.306760198430941,0.312936578265121,0.177354063744588,0.0603083169780253,0.012304515678738,0.00139469528946173,6.7751257270113e-05
"154",0.12686921545889,0.304656793175945,0.313536923918741,0.179264384751747,0.061496526607662,0.0126578052524291,0.00144741719254234,7.09336420432345e-05
"155",0.124891338511087,0.302545759359441,0.314103687245083,0.18116841886046,0.0626964865269907,0.0130183266406605,0.0015017395525556,7.42433037218498e-05
"156",0.122939950543793,0.300427581846882,0.314636994501802,0.183065818873045,0.063908112444419,0.0133861586876824,0.00155769864608916,7.76844562882304e-05
"157",0.121014755263664,0.298302737579958,0.315136977849708,0.184956239821499,0.0651313169574578,0.0137613798357067,0.00161533126739672,8.12614246094448e-05
"158",0.119115459034669,0.296171695654075,0.315603775233189,0.186839339033223,0.0663660095660994,0.0141440681020963,0.00167467473003704,8.49786466114466e-05
"159",0.117241770860173,0.294034917395355,0.316037530261674,0.188714776195557,0.0676120966868437,0.0145343010564916,0.00173576686842454,8.88406754813986e-05
"160",0.115393402365107,0.291892856437192,0.316438392092138,0.190582213419128,0.0688694816673669,0.0149321557978791,0.00179864603928998,9.28521818984114e-05
"161",0.113570067778214,0.289745958796355,0.316806515312644,0.192441315300011,0.0701380648018264,0.0153377089316067,0.00186335112305017,9.70179562928821e-05
"162",0.111771483914374,0.28759466294863,0.317142059826914,0.19429174898072,0.0714177433467943,0.0157510365463478,0.00192992152508523,0.000101342911134613
"163",0.109997370157015,0.285439399904016,0.317445190739935,0.196133184210029,0.0727084115378138,0.0161722141910195,0.00199839717692231,0.00010583208324989
"164",0.108247448440596,0.283280593281467,0.317716078244582,0.197965293401632,0.0740099606065733,0.016601316851658,0.00206881853732435,0.000110490636167716
"165",0.106521443233178,0.281118659383191,0.317954897509264,0.199787751691645,0.0753222787986891,0.0170384189282552,0.00214122659328265,0.000115323862495354
"166",0.104819081519068,0.278954007268488,0.318161828566593,0.201600236994961,0.0766452513920935,0.0174835942115605,0.00221566286091205,0.0001203371863234
"167",0.103140092781548,0.276787038827156,0.318337056203057,0.20340243006046,0.0779787607160194,0.0179369158598511,0.00229216938624733,0.000125536165660527
"168",0.101484208985676,0.274618148852444,0.318480769849709,0.205194014525083,0.0793226861705759,0.0183984563756752,0.00237078874593964,0.000130926494898121
"169",0.0998511645611755,0.272447725113556,0.318593163473856,0.206974676966774,0.0806769042469098,0.0188682875825719,0.00245156404785157,0.00013651400730496
"170",0.0982406963853941,0.270276148427724,0.318674435471758,0.208744106956307,0.0820412885479438,0.0193464806017709,0.00253453893154984,0.000142304677552134
"171",0.0966525437663488,0.26810379273183,0.318724788562315,0.210501997107978,0.0834157098096884,0.019833105828877,0.00261975756869393,0.000148304624268387
"172",0.0950864484258447,0.265931025153589,0.318744429681755,0.212248043129206,0.0848000359231174,0.0203282329105417,0.00270726466331981,0.000154520112626064
"173",0.0935421544826748,0.263758206082296,0.318733569879309,0.213981943869013,0.0861941319566047,0.0208319307211279,0.00279710545201717,0.00016095755695783
"174",0.0920194084358962,0.261585689239132,0.318692424213872,0.215703401365414,0.0875978601789124,0.0213442673393688,0.00288932570399906,0.000167623523404372
"175",0.0905179591481856,0.259413821747036,0.318621211651653,0.217412120891716,0.0890110800827262,0.0218653100250273,0.00298397172106256,0.000174524732593239
"176",0.0890375578292716,0.257242944200136,0.318520154964791,0.219107811001724,0.0904336484087303,0.0223951251955582,0.00308109033743922,0.000181668062349011
"177",0.0875779580194453,0.255073390732758,0.31838948063096,0.220790183573873,0.0918654191702168,0.0229337784027775,0.00318072891953416,0.000189060550434992
"178",0.0861389155731475,0.252905489087985,0.318229418733934,0.22245895385429,0.0933062436782214,0.0234813343095429,0.00328293536555221,0.000196709397326588
"179",0.0847201886426343,0.250739560685801,0.318040202865126,0.224113840498782,0.0947559705671811,0.0240378566664488,0.0033877581050102,0.000204621969016565
"180",0.0833215376617187,0.248575920690794,0.317822070026087,0.225754565613768,0.0962144458211059,0.0246034082885399,0.00349524609813385,0.000212805799852367
"181",0.0819427253295896,0.246414878079434,0.317575260531968,0.227380854796158,0.0976815128002589,0.0251780510320477,0.00360544883513809,0.000221268595405679
"182",0.0805835165947071,0.244256735706923,0.317300017915932,0.228992437172184,0.0991570122683379,0.0257618457711519,0.00371841633538955,0.000230018235374405
"183",0.0792436786387752,0.24210179037362,0.316996588834525,0.230589045435186,0.100640782420153,0.0263548523747739,0.00383419914644992,0.000239062776517261
"184",0.0779229808607894,0.239950332891037,0.316665222973988,0.232170415882371,0.102132658909793,0.0269571296834021,0.00395284834299887,0.000248410455621151
"185",0.0766211948611614,0.237802648147412,0.316306172957521,0.233736288450538,0.103632474879275,0.0275687354859564,0.00407441552563533,0.000258069692501515
"186",0.0753380944259202,0.235659015172866,0.31591969425348,0.23528640675078,0.105140060987668,0.0281897264966935,0.00419895281955579,0.000268049093035825
"187",0.0740734555109877,0.233519707204131,0.315506045084516,0.236820518102179,0.106655245440691,0.0288201583321576,0.0043265128731084,0.000278357452230426
"188",0.0728270562265307,0.231384991748856,0.315065486337641,0.238338373564478,0.10817785402077,0.0294600854881807,0.00445714885622151,0.000289003757320882
"189",0.0715986768213884,0.229255130649507,0.314598281475235,0.239839727969766,0.109707710117557,0.0301095613169354,0.00459091445870548,0.000299997190906024
"190",0.0703880996675747,0.227130380146832,0.314104696446961,0.241324339953153,0.111244634758892,0.0307686380040449,0.00472786388842641,0.000311347134115885
"191",0.0691951092448554,0.225010990942928,0.313584999602614,0.242791971982464,0.112788446642221,0.0314373665457534,0.00486805186935057,0.000323063169813695
"192",0.0680194921254015,0.222897208263877,0.313039461605886,0.244242390386946,0.114338962166438,0.0321157967261612,0.00501153363945816,0.000335155085832111
"193",0.0668610369585156,0.220789271921978,0.31246835534904,0.245675365384995,0.115895995464174,0.032803977094528,0.00515836494852528,0.000347632878243894
"194",0.0657195344554335,0.218687416377563,0.311871955868496,0.247090671110918,0.117459358434501,0.0335019549426482,0.00530860205577267,0.00036050675466718
"195",0.0645947773742007,0.216591870800406,0.311250540261324,0.248488085640728,0.119028860776053,0.0342097762823025,0.00546230172737999,0.000373787137605544
"196",0.0634865605046214,0.214502859130713,0.310604387602642,0.249867391016977,0.12060431002057,0.034927485822789,0.00561952123386456,0.000387484667823051
"197",0.0623946806532836,0.212420600139715,0.309933778863902,0.251228373272641,0.122185511566843,0.0356551269485378,0.00578031834732292,0.000401610207754446
"198",0.0613189366286564,0.210345307489844,0.309238996832084,0.252570822454065,0.123772268715052,0.0363927416968138,0.00594475133853426,0.000416174844950693
"199",0.0602591292262613,0.208277189794509,0.308520326029772,0.253894532642955,0.125364382701509,0.0371403707355093,0.00611287897392423,0.000431189895560028
"200",0.0592150612139173,0.206216450677467,0.307778052636119,0.255199301977449,0.126961652733781,0.0378980533410336,0.00628476051238807,0.000446666907844724
"201",0.0581865373170582,0.204163288831783,0.307012464408697,0.256484932672261,0.128563876026196,0.0386658273762996,0.00646045570197153,0.000462617665733729
"202",0.0571733642041247,0.2021178980784,0.30622385060622,0.257751231037899,0.130170847835723,0.0394437292688145,0.00664002477640846,0.000479054192411379
"203",0.0561753504720272,0.200080467424298,0.305412501912153,0.258998007498971,0.131782361498217,0.0402317939888764,0.00682352845151388,0.000495988753942355
"204",0.0551923066316835,0.198051181120258,0.304578710359185,0.260225076611593,0.133398208465034,0.0410300550278817,0.00701102792143096,0.000513433862933076
"205",0.054224045093627,0.196030218718226,0.303722769254568,0.261432257079882,0.13501817833999,0.0418385443767461,0.00720258485473098,0.0005314022822297
"206",0.0532703801536886,0.194017755128282,0.302844973106329,0.262619371771563,0.136642058916676,0.0426572925044445,0.00739826139036474,0.000549907028652927
"207",0.0523311279787499,0.19201396067521,0.30194561755033,0.263786247732688,0.138269636216117,0.0434863283366718,0.00759812013346429,0.000568961376769772
"208",0.0514061065925691,0.190019001154675,0.301024999278197,0.264932716201475,0.139900694524758,0.04432567923463,0.00780222415099355,0.000588578862702502
"209",0.0504951358616779,0.18803303788901,0.300083415966093,0.266058612621259,0.141535016432793,0.0451753709739451,0.00801063696724687,0.000608773287974917
"210",0.0495980374813505,0.186056227782605,0.299121166204341,0.267163776652596,0.143172382872801,0.0460354277237161,0.00822342255919373,0.00062955872339615
"211",0.048714634961644,0.184088723376907,0.298138549427895,0.268248052184482,0.144812573158718,0.0469058720257029,0.00844064535166891,0.000650949512982178
"212",0.0478447536135096,0.182130672905035,0.297135865847648,0.269311287344733,0.146455365025099,0.0477867247736536,0.00866237021240628,0.000672960277915215
"213",0.0469882205349753,0.180182220346003,0.296113416382579,0.270353334509504,0.148100534666705,0.0486780051927774,0.00888866244691543,0.000695605920541185
"214",0.046144864597399,0.178243505478554,0.295071502592736,0.271374050311972,0.149747856778368,0.0495797308193664,0.00911958779319953,0.00071890162840544
"215",0.045314516431793,0.176314663934613,0.294010426613043,0.272373295650178,0.151397104595164,0.050491917480569,0.00935521241631322,0.000742862878326912
"216",0.0444970084152184,0.174395827252353,0.292930491087938,0.273350935694039,0.15304804993286,0.0514145792743203,0.00959560290275943,0.000767505440510892
"217",0.0436921746572498,0.172487122928882,0.291831999106829,0.274306839891536,0.154700463228647,0.0523477285494325,0.00984082625472361,0.000792845382700597
"218",0.0428998509865102,0.170588674472537,0.29071525414037,0.275240881974085,0.156354113582137,0.0532913758858489,0.0100909498841442,0.000818899074367721
"219",0.0421198749372763,0.168700601454813,0.289580559977552,0.276152939961095,0.158008768796637,0.054245530075066,0.010346041606618,0.000845683190942155
"220",0.0413520857361529,0.166823019561901,0.288428220663603,0.277042896163724,0.159664195420672,0.0552101981007272,0.0106061696351397,0.000873214718081051
"221",0.0405963242888174,0.164956040645854,0.287258540438691,0.277910637187828,0.161320158789768,0.0561853851193915,0.0108714025736729,0.000901510955977402
"222",0.0398524331668333,0.163099772775373,0.28607182367744,0.27875605393613,0.162976423068478,0.0571710944414821,0.0111418094105534,0.000930589523708352
"223",0.0391202565945332,0.161254320286219,0.284868374829236,0.279579041609596,0.164632751292653,0.0581673275124175,0.0114174595117212,0.000960468363623384
"224",0.038399640435971,0.159419783831252,0.283648498359328,0.280379499708024,0.16628890541194,0.0591740838939297,0.0116984226137822,0.00099116574577258
"225",0.0376904321819419,0.157596260430093,0.282412498690727,0.281157332029879,0.167944646332514,0.0601913612455732,0.0119847688168964,0.00102270027237516
"226",0.0369924809370728,0.155783843518422,0.281160680146884,0.281912446671341,0.169599733960031,0.0612191553064284,0.0122765685774923,0.00105509088232841
"227",0.0363056374069798,0.153982622996896,0.279893346895162,0.282644756024605,0.17125392724279,0.0622574598770036,0.0125738927008068,0.00108835685575731
"228",0.0356297538854945,0.152192685279707,0.278610802891076,0.283354176775422,0.17290698421511,0.0633062668013386,0.0128768123332472,0.00112251781860488
"229",0.0349646842419586,0.150414113342765,0.277313351823319,0.284040629899896,0.174558662040906,0.0643655659493153,0.0131853989545767,0.00115759374726357
"230",0.0343102839085856,0.148646986771521,0.276001297059554,0.284704040660531,0.176208717057464,0.0654353451991771,0.0134997243699203,0.00119360497324778
"231",0.033666409867892,0.146891381808418,0.274674941592976,0.285344338601556,0.177856904819398,0.0665155904202627,0.0138198607015903,0.00123057218790777
"232",0.0330329206401939,0.145147371399982,0.273334587989641,0.28596145754351,0.179502980142801,0.0676062854559571,0.0141458803807302,0.00126851644718504
"233",0.0324096762711727,0.143415025243554,0.27198053833655,0.28655533557711,0.181146697149563,0.0687074121068642,0.0144778561387761,0.00130745917640952
"234",0.0317965383195073,0.141694409833652,0.270613094190498,0.287125915056403,0.182787809311863,0.0698189501142036,0.0148158609987335,0.00134742217513853
"235",0.0311933698445734,0.139985588507976,0.269232556527669,0.287673142591208,0.184426069496829,0.0709408771434379,0.0151599682662689,0.00138842762203794
"236",0.0306000353942094,0.138288621493062,0.267839225693979,0.288196969038852,0.186061230011347,0.0720731687681315,0.0155102515206144,0.00143049807980549
"237",0.0300164009925497,0.136603565949565,0.266433401356177,0.288697349495214,0.187693042647026,0.0732157984540467,0.0158667846052847,0.00147365650013663
"238",0.0294423341279238,0.134930476017198,0.265015382453667,0.289174243285079,0.189321258725314,0.0743687375434798,0.0162296416186047,0.00151792622873296
"239",0.0288777037408219,0.133269402859306,0.263585467151092,0.2896276139518,0.190945629142738,0.0755319552398421,0.0165988969040466,0.00156333101035342
"240",0.0283223802119268,0.131620394707093,0.262143952791628,0.290057429246292,0.192565904416288,0.0767054185924882,0.0169746250403747,0.00160989499390855
"241",0.0277762353502116,0.129983496903497,0.260691135851025,0.290463661115349,0.194181834728924,0.0778890924817968,0.0173569008315982,0.00165764273759792
"242",0.027239142381103,0.128358751946706,0.25922731189237,0.290846285689298,0.195793169975198,0.0790829396045072,0.0177457992967283,0.00170659921409079
"243",0.0267109759347103,0.126746199533331,0.257752775521564,0.291205283268994,0.197399659806993,0.080286920459315,0.018141395659341,0.00175678981575051
"244",0.0261916120341202,0.125145876601232,0.256267820343534,0.291540638312166,0.199001053679372,0.0815009933327316,0.0185437653369417,0.00180824035990243
"245",0.0256809280837562,0.123557817371988,0.254772738919141,0.29185233941911,0.200597100896515,0.0827251142852108,0.0189529839301328,0.00186097709414584
"246",0.0251788028578032,0.12198205339303,0.253267822722816,0.292140379317749,0.202187550657764,0.0839592371375462,0.0193691272115808,0.00191502670170997
"247",0.0246851164886971,0.120418613579423,0.251753362100891,0.29240475484806,0.203772152103747,0.0852033134575441,0.0197922711147836,0.00197041630685422
"248",0.024199750455679,0.11886752425531,0.250229646230637,0.292645466945869,0.205350654362584,0.0864572925469742,0.0202224917226351,0.00202717348031285
"249",0.0237225875734138,0.117328809195004,0.248696963080008,0.29286252062603,0.20692280659617,0.0877211214288036,0.0206598652557866,0.00208532624478432
"250",0.0232535119806733,0.115802489663753,0.247155599368068,0.293055924964995,0.208488358046525,0.0889947448347166,0.0211044680608042,0.00214490308046541
"251",0.0227924091290834,0.114288584458154,0.24560584052612,0.29322569308276,0.210047058082206,0.0902781051929254,0.0215563765981197,0.00220593293063035
"252",0.0223391657719345,0.112787109946233,0.24404797065952,0.293371842124232,0.211598656244777,0.091571142616274,0.0220156674297747,0.00226844520725511
