"","1","2","3","4","5","6","7","8"
"1",1,0,0,0,0,0,0,0
"2",0.994176388882131,0.00580904400849326,1.45468547791985e-05,2.02376944618788e-08,1.68929002185967e-11,8.46055102767779e-15,2.35407652411736e-18,2.80715063691553e-22
"3",0.988381871507607,0.0115600218889779,5.79449718745758e-05,1.61361659355544e-07,2.69610124236498e-10,2.70285838833582e-13,1.50535137194977e-16,3.59315281525187e-20
"4",0.982616326652722,0.0172532967054408,0.000129832500291778,5.42778011253254e-07,1.3614833058192e-09,2.04905514253726e-12,1.71325680814152e-15,6.13923844293426e-19
"5",0.976879633498185,0.0228892299062336,0.000229850007426614,1.28228734966033e-06,4.29217522898855e-09,8.6202682423201e-12,9.61815145586622e-15,4.5992356035224e-18
"6",0.971171671628109,0.0284681813291322,0.000357640468958947,2.49609484198037e-06,1.04526584672545e-08,2.62629609730012e-11,3.66596328489687e-14,2.19308643509025e-17
"7",0.965492321028998,0.0339905092063855,0.000512849258771952,4.29882027470203e-06,2.16202193195408e-08,6.52412318108524e-11,1.09373397838814e-13,7.85822520695585e-17
"8",0.959841462088739,0.0394565701697552,0.000695124138896694,6.8035080708569e-06,3.99534869932872e-08,1.40775709204535e-10,2.75567663431697e-13,2.31180925697732e-16
"9",0.954218975595592,0.0448667192555442,0.000904115249482,1.01216372737979e-05,6.79874879852086e-08,2.74004989361042e-10,6.1350123562506e-13,5.88702157250867e-16
"10",0.948624742737191,0.050221309909616,0.00113947509878961,1.4363131497348e-05,1.08628725610195e-07,4.92937074197523e-10,1.24269850638031e-12,1.34265144746972e-15
"11",0.943058645099526,0.0555206939924027,0.00140085855321453,1.9636368842368e-05,1.65150284628831e-07,8.33390839169879e-10,2.33639147510479e-12,2.80715063691552e-15
"12",0.937520564665955,0.0607652217839045,0.00168792282733068,2.60481917797945e-05,2.41186960924023e-07,1.33992756068902e-09,4.13557889101548e-12,5.47034244843318e-15
"13",0.932010383816197,0.0659552419886778,0.00200032747396158,3.37039170001952e-05,3.40730416177205e-07,2.06677253283562e-09,6.96469261275692e-12,1.00585282649035e-14
"14",0.926527985325329,0.0710911017408136,0.00233773437427633,4.27073452298937e-05,4.68124357494619e-07,3.07872680308434e-09,1.1248861281646e-11,1.76144539462055e-14
"15",0.921073252362796,0.0761731466089063,0.0026998077279106,5.31607710137109e-05,6.28059741934137e-07,4.45206905674832e-09,1.7532761404916e-11,2.95911584893097e-14
"16",0.915646068491409,0.0812017206010118,0.00308621404311278,6.51649924643745e-05,8.25570005883123e-07,6.27544767985482e-09,2.65010459453329e-11,4.79628003354239e-14
"17",0.910246317666353,0.0861771661695956,0.00349662212691512,7.88193209786446e-05,1.0660263192378e-06,8.65076303016302e-09,3.90003405135554e-11,7.5353876128111e-14
"18",0.904873884234196,0.0910998242164715,0.00393070307532999,9.42215909202056e-05,1.3551328643346e-06,1.16940399460346e-08,5.60627972596132e-11,1.15188246726302e-13
"19",0.899528652931896,0.0959700340977299,0.00438813026357105,0.000111468169269375,1.69892213958404e-06,1.55362905228684e-08,7.89311965598733e-11,1.71859385276124e-13
"20",0.894210508885814,0.100788133628655,0.00486857933629945,0.000130653965239675,2.10375028775747e-06,2.03243671868095e-08,1.0908558659587e-10,2.50923262145464e-13
"21",0.888919337610722,0.105554459088635,0.00537172819789493,0.000151872439861321,2.57629244887737e-06,2.6221806095444e-08,1.48271450921368e-10,3.59315281525187e-13
"22",0.883655025008824,0.110269345226059,0.00589725700275187,0.000175215615531677,3.12353813766147e-06,3.34096608951906e-08,1.98529394114036e-10,5.05592684500941e-13
"23",0.878417457368765,0.114933125263203,0.00644484814560017,0.000200774085532716,3.75278664547132e-06,4.20873268650989e-08,2.62226335608093e-10,7.00203833399447e-13
"24",0.873206521364654,0.119546130901113,0.00701418625185104,0.000228637023515553,4.47164246671574e-06,5.24733554767664e-08,3.42088201804316e-10,9.55785792213224e-13
"25",0.868022104055079,0.124108692324471,0.00760495816796757,0.000258892192952088,5.28801074965966e-06,6.48062594000844e-08,4.41234106553766e-10,1.28749161790765e-12
"26",0.862864092882131,0.12862113820645,0.00821685295186013,0.000291625956553809,6.21009277158878e-06,7.93453079845245e-08,5.63212010111616e-10,1.71334877741426e-12
"27",0.857732375670424,0.13308379571357,0.00884956186330642,0.00032692328565781,7.24638143828054e-06,9.63713132456747e-08,7.12035846657443e-10,2.2546501051143e-12
"28",0.852626840626123,0.137496990510527,0.00950277835439646,0.000364867769580069,8.40565680773197e-06,1.16187406386739e-07,8.9222411047837e-10,2.93637871561628e-12
"29",0.847547376335963,0.141861046765029,0.0101761980600021,0.000405541624936034,9.69698163809476e-06,1.39119804884707e-07,1.10883989091141e-09,3.78766828663164e-12
"30",0.842493871766284,0.146176287152612,0.0108695187882711,0.000449025704928579,1.11296969597682e-05,1.65518570170912e-07,1.36753234614144e-09,4.84230012675234e-12
"31",0.837466216262056,0.150443032861447,0.0115824405111465,0.000495399508603357,1.27134176716003e-05,1.95758355935676e-07,1.67457960595103e-09,6.13923844293425e-12
"32",0.832464299545911,0.154661603597143,0.0123146653549095,0.000544741190071624,1.44580281611476e-05,2.30239147086768e-07,2.03693309351878e-09,7.72320522249048e-12
"33",0.827488011717175,0.15883231758753,0.013065897590748,0.000597127567700563,1.63736779489443e-05,2.69386989391372e-07,2.46226325636215e-09,9.6452961443982e-12
"34",0.8225372432509,0.162955491587443,0.0138358436253489,0.000652634133271174,1.84707773567314e-05,3.13654709831287e-07,2.95900669652158e-09,1.19636389347234e-11
"35",0.817611884996906,0.167031440883488,0.0146242119915157,0.000711335061103768,2.0759993199595e-05,3.63522627701062e-07,3.53641469008186e-09,1.47440955809667e-11
"36",0.812711828178812,0.171060479298805,0.0154307133388097,0.000773303217151117,2.32522445019666e-05,4.19499256478779e-07,4.20460308612751e-09,1.80610098201353e-11
"37",0.807836964393077,0.175042919197812,0.0162550604242164,0.000838610168059317,2.59586982374337e-05,4.82121996499199e-07,4.97460357522819e-09,2.19980013153439e-11
"38",0.802987185608042,0.178979071490949,0.0170969681028359,0.0009073261901964,2.88907650923122e-05,5.51957818458977e-07,5.85841631755082e-09,2.66488079357487e-11
"39",0.798162384162974,0.182869245639407,0.0179561533185981,0.000979520278648761,3.2060095252931e-05,6.29603937783658e-07,6.86906392069452e-09,3.21181775546194e-11
"40",0.793362452767103,0.186713749659844,0.0188323350950015,0.00105526015618543,3.54785742165791e-05,7.15688479886165e-07,8.02064675734495e-09,3.85228107803514e-11
"41",0.788587284498676,0.190512890129102,0.0197252345258777,0.00113461228219026,3.91583186260659e-05,8.10871136346491e-07,9.3283996128443e-09,4.5992356035224e-11
"42",0.783836772803998,0.194266972188901,0.0206345747661786,0.00121764186156207,4.31116721278452e-05,9.15843812042307e-07,1.08087496527733e-08,5.4670458396707e-11
"43",0.779110811496486,0.197976299550533,0.0215600810227893,0.00130441285358276,4.73512012536524e-05,1.03133126326019e-06,1.24793757006419e-08,6.47158636161204e-11
"44",0.774409294755715,0.201641174499542,0.0225014805453641,0.00139498798075354,5.18896913256075e-05,1.15809172681719e-06,1.43592688157841e-08,7.63035787294509e-11
"45",0.769732117126475,0.205261897900393,0.0234585026171878,0.00148942873759923,5.67401423847324e-05,1.29691754022245e-06,1.6468794161555e-08,8.96260906751292e-11
"46",0.765079173517817,0.208838769201137,0.0244308785460603,0.00158779539944066,6.19157651428333e-05,1.44863575290858e-06,1.88297541539243e-08,1.04894644333572e-10
"47",0.76045035920212,0.212372086438059,0.0254183416552057,0.00169014703113539,6.74299769576999e-05,1.61410872856246e-06,2.14654528805647e-08,1.22340581403293e-10
"48",0.755845569814137,0.215862146240322,0.0264206272742061,0.00179654149578658,7.32963978315707e-05,1.79423473858532e-06,2.44007617805296e-08,1.42216741528384e-10
"49",0.75126470135006,0.219309243834596,0.0274374727299582,0.0019070354634202,7.95288464328147e-05,1.98994854671161e-06,2.76621865746184e-08,1.64798927092179e-10
"50",0.746707650166581,0.222713673049685,0.0284686173376553,0.0020216844196306,8.61413361407819e-05,2.20222198481651e-06,3.12779354365244e-08,1.90387433091887e-10
"51",0.742174312979949,0.226075726321133,0.0295138023917929,0.00214054267419443,9.314807111377e-05,2.43206451994178e-06,3.52779883948619e-08,2.19308643509026e-10
"52",0.737664586865037,0.229395694695835,0.0305727711571975,0.00226366336965312,0.00010056344238006,2.68052381256955e-06,3.96941679561694e-08,2.51916695590423e-10
"53",0.733178369254409,0.232673867836622,0.0316452688600811,0.00239109848986372,0.000108402023951974,2.948686266174e-06,4.45602109389851e-08,2.8859521345463e-10
"54",0.728715557937383,0.235910534026849,0.0327310426791178,0.00252289886851839,0.000116678568962892,3.23767756808026e-06,4.99118415090906e-08,3.2975911243852e-10
"55",0.724276051059101,0.23910598017497,0.0338298417365459,0.00265911419763243,0.000125408005827206,3.54866322166069e-06,5.57868454060196e-08,3.75856475598884e-10
"56",0.719859747119601,0.242260491819097,0.0349414170892928,0.00279979303600102,0.000134605434423126,3.88284906989787e-06,6.22251453509274e-08,4.27370503783842e-10
"57",0.715466544972886,0.245374353131558,0.036065521720124,0.00294498281762459,0.000144286122298318,4.24148181034425e-06,6.92688776259195e-08,4.8482154068885e-10
"58",0.711096343825997,0.248447846923444,0.0372019105288169,0.00309472986010298,0.00015446550089831,4.62584950150806e-06,7.69624698149327e-08,5.48769174312129e-10
"59",0.706749043238095,0.251481254649138,0.0383503403233567,0.00324907937299838,0.000165159161817621,5.0372820606952e-06,8.53527196962669e-08,6.198144162243e-10
"60",0.702424543119525,0.254474856410846,0.0395105698111576,0.0034080754661671,0.000176382853073561,5.47715175333688e-06,9.44888752768644e-08,6.98601960067043e-10
"61",0.698122743730908,0.257428930963109,0.040682359590307,0.00357176115806032,0.000188152475402651,5.94687367383268e-06,1.04422715958432e-07,7.85822520695585e-10
"62",0.693843545682211,0.260343755717315,0.0418654721408336,0.00374017838399362,0.000200484078579623,6.44790621793867e-06,1.152086348255e-07,8.82215255379805e-10
"63",0.689586849931831,0.263219606746187,0.0430596718159989,0.00391336800438571,0.00021339385775894,6.98175154673048e-06,1.26903722045526e-07,9.88570268478781e-10
"64",0.68535255778568,0.266056758788279,0.0442647248336133,0.00409136981296602,0.000226898149838785,7.54995604217083e-06,1.39567849371116e-07,1.10573120100356e-09
"65",0.68114057089627,0.268855485252449,0.0454803992673745,0.0042742225449515,0.000241013429847485,8.1541107543114e-06,1.53263755734487e-07,1.23459790648297e-09
"66",0.676950791261796,0.271616058222325,0.0467064650382306,0.00446196388519251,0.000255756307352305,8.79585184015863e-06,1.68057133924254e-07,1.3761292145473e-09
"67",0.672783121225225,0.274338748460771,0.0479426939057659,0.00465463047628795,0.00027114352289056,9.47686099423318e-06,1.84016718334625e-07,1.53134578364459e-09
"68",0.66863746347339,0.277023825414329,0.0491888594596114,0.00485225792666955,0.000287191944423021,1.01988658708529e-05,2.01214373777133e-07,1.70133304430438e-09
"69",0.664513721036073,0.279671557217657,0.0504447371108772,0.00505488081865554,0.000303918563809529,1.09636404981687e-05,2.19725185344966e-07,1.88724423436373e-09
"70",0.660411797285103,0.282282210697969,0.0517101040836103,0.00526253271647361,0.000321340493306796,1.17730056839835e-05,2.39627549320018e-07,2.09030352757032e-09
"71",0.656331595933453,0.284856051379444,0.0529847394062739,0.00547524617425328,0.000339474962088334,1.26288294133836e-05,2.6100326511274e-07,2.31180925697732e-09
"72",0.652273021034327,0.287393343487643,0.0542684239032517,0.00569305274398769,0.000358339312786459,1.3533027238212e-05,2.83937628224898e-07,2.55313723454505e-09
"73",0.648235976980268,0.289894349953909,0.0555609401863747,0.00591598298346492,0.000377950998056322,1.44875626584145e-05,3.0851952422533e-07,2.81574416836402e-09
"74",0.644220368502248,0.292359332419759,0.0568620726464718,0.0061440664641688,0.000398327577161921,1.54944474952861e-05,3.34841523728799e-07,3.10117117891428e-09
"75",0.640226100668774,0.294788551241267,0.0581716074449433,0.00637733177914934,0.000419486712584045,1.65557422566503e-05,3.62999978368037e-07,3.41104741577584e-09
"76",0.63625307888499,0.297182265493434,0.0594893325053582,0.00661580655086279,0.000441446166650097,1.76735564939985e-05,3.93095117749078e-07,3.74709377620499e-09
"77",0.632301208891777,0.299540732974555,0.0608150375050745,0.00685951743898139,0.000464223798185739,1.88500491516204e-05,4.2523114737998e-07,4.11112672699128e-09
"78",0.628370396764866,0.301864210210573,0.0621485138668826,0.00710849014817285,0.000487837559188333,2.00874289077549e-05,4.59516347563021e-07,4.50506223101001e-09
"79",0.624460548913935,0.304152952459419,0.0634895547506727,0.00736274943584964,0.000512305491522098,2.13879545077914e-05,4.96063173240479e-07,4.93091977988498e-09
"80",0.620571572081729,0.306407213715354,0.0648379550451239,0.00762231911988808,0.000537645723634963,2.27539350895511e-05,5.34988354784089e-07,5.3908265341764e-09
"81",0.616703373343158,0.308627246713287,0.0661935113594182,0.00788722208631733,0.000563876467297039,2.41877305006773e-05,5.76412999718255e-07,5.88702157250867e-09
"82",0.61285586010442,0.3108133029331,0.0675560220149762,0.00815748029697835,0.000591016014360685,2.56917516081657e-05,6.20462695367151e-07,6.42186025105281e-09
"83",0.609028940102109,0.312965632603948,0.0689252870372169,0.00843311479715277,0.000619082733542102,2.72684606000639e-05,6.67267612415769e-07,6.9978186747785e-09
"84",0.605222521402327,0.315084484708559,0.0703011081473398,0.0087141457231619,0.000648095067224406,2.89203712793687e-05,7.1696260937503e-07,7.61749828189036e-09
"85",0.60143651239981,0.317170106987523,0.0716832887541308,0.00900059230993571,0.000678071528282152,3.06500493501529e-05,7.69687337941059e-07,8.28363054286341e-09
"86",0.597670821817035,0.319222745943569,0.07307163394579,0.00929247289855199,0.000709030696927217,3.24601126959498e-05,8.25586349238699e-07,8.99908177549235e-09
"87",0.593925358703348,0.321242646845836,0.0744659504817842,0.00958980494374579,0.000740991217576045,3.43532316504258e-05,8.84809200939389e-07,9.76685807736971e-09
"88",0.590200032434083,0.323230053734134,0.0758660467847202,0.00989260502138888,0.000773971795738159,3.63321292603704e-05,9.47510565243473e-07,1.05901103772074e-08
"89",0.586494752709682,0.32518520942319,0.0772717329322432,0.0102008888359397,0.000807991194925917,3.83995815410337e-05,1.01385033771706e-06,1.14721396064165e-08
"90",0.582809429554825,0.327108355506897,0.0786828206489563,0.0105146712278635,0.000843068233585455,4.05584177238408e-05,1.08399374697352e-06,1.24164019923608e-08
"91",0.579143973317549,0.328999732362539,0.0800991232983639,0.0108339661810231,0.000879221782048762,4.28115204965132e-05,1.15811146518972e-06,1.34265144746972e-08
"92",0.575498294668383,0.330859579155018,0.0815204558748375,0.0111587868300394,0.000916470759506848,4.51618262356263e-05,1.23637971944705e-06,1.45062602462199e-08
"93",0.571872304599472,0.332688133841066,0.0829466349956045,0.0114891454676236,0.000954834131003952,4.76123252316334e-05,1.31898040388746e-06,1.56595944196215e-08
"94",0.56826591442371,0.33448563317345,0.0843774788927599,0.0118250535518786,0.000994330904452725,5.01660619063852e-05,1.40610119267445e-06,1.68906498215867e-08
"95",0.564679035773872,0.336252312705165,0.0858128074053001,0.012166521713572,0.00103498012767038,5.28261350231757e-05,1.49793565374918e-06,1.82037429156332e-08
"96",0.561111580601747,0.337988406793625,0.0872524419711804,0.0125135597633788,0.00107680088543568,5.55956978893421e-05,1.59468336337183e-06,1.96033798551144e-08
"97",0.557563461177276,0.339694148604832,0.088696205619394,0.0128661766990961,0.00111981229656684,5.84779585514508e-05,1.69655002143828e-06,2.10942626677989e-08
"98",0.554034590087684,0.341369770117548,0.0901439229620748,0.0132243807128271,0.00116403351102017,6.14761799830978e-05,1.80374756756216e-06,2.26812955734417e-08
"99",0.550524880236625,0.343015502127452,0.0915954201866221,0.0135881791981365,0.00120948370700942,6.45936802653534e-05,1.91649429791239e-06,2.43695914357616e-08
"100",0.547034244843318,0.34463157425129,0.0930505250478483,0.0139575787571772,0.00125618208814595,6.78338327598814e-05,2.03501498279644e-06,2.616447835024e-08
"101",0.543562597441687,0.346218214931011,0.0945090668601486,0.0143325852077872,0.00130414788059938,7.12000662747614e-05,2.15954098497911e-06,2.80715063691553e-08
"102",0.540109851879513,0.347775651437901,0.095970876489694,0.0147132035905572,0.00135340033027894,7.46958652230455e-05,2.29031037872726e-06,3.00964543652684e-08
"103",0.536675922317566,0.349304109876702,0.0974357863466461,0.0150994381758704,0.00140395870003535,7.8324769774078e-05,2.42756806957033e-06,3.22453370355741e-08
"104",0.533260723228762,0.350803815189724,0.0989036303773948,0.0154912924709119,0.00145584226688314,8.20903759976079e-05,2.57156591476692e-06,3.45244120465319e-08
"105",0.529864169397307,0.352274991160949,0.100374244056818,0.0158887692266501,0.00150907031924348,8.59963360007243e-05,2.72256284446737e-06,3.69401873221927e-08
"106",0.526486175917844,0.353717860420124,0.101847464380566,0.0162918704447889,0.00156366215420734,9.0046358057644e-05,2.88082498356265e-06,3.9499428476636e-08
"107",0.52312665819461,0.355132644446844,0.103323129857362,0.016700597384691,0.00161963707481907,9.42442067323815e-05,3.04662577420935e-06,4.22091663921305e-08
"108",0.519785531940584,0.356519563574631,0.104801080501334,0.0171149505702728,0.00167701438738021,9.85937029943309e-05,3.22024609902119e-06,4.50767049444358e-08
"109",0.51646271317664,0.357878836994995,0.106281157824362,0.0175349297968699,0.00173581339877356,0.000103098724326789,3.40197440491695e-06,4.81096288766572e-08
"110",0.513158118230707,0.359210682761495,0.107763204828448,0.0179605341380747,0.00179605341380747,0.000107763204828448,3.59210682761495e-06,5.13158118230707e-08
"111",0.509871663736924,0.360515317793785,0.109247065998117,0.0183917619525449,0.00185775373258029,0.000112591135307896,3.79094731676419e-06,5.47034244843318e-08
"112",0.5066032666348,0.361792957881654,0.110732587292822,0.0188286108907832,0.00192093364786483,0.000117586563371138,3.9988077617023e-06,5.82809429554825e-08
"113",0.503352844168371,0.363043817689055,0.112219616139395,0.0192710779018894,0.00198561244251298,0.000122753593502182,4.21600811783024e-06,6.20571572081729e-08
"114",0.500120313885365,0.364268110758125,0.113708001424498,0.0197191592402827,0.00205180938688025,0.000128096387136723,4.44287653359412e-06,6.60411797285104e-08
"115",0.496905593636365,0.365466049513197,0.115197593487109,0.020172850472397,0.00211954373627028,0.000133619162728929,4.67974947806386e-06,7.02424543119526e-08
"116",0.493708601573973,0.366637845264805,0.116688244111031,0.0206321464833465,0.00218883472839931,0.000139326195811395,4.92697186909915e-06,7.46707650166581e-08
"117",0.490529256151977,0.367783708213671,0.118179806517412,0.0210970414835639,0.00225970158088034,0.000145221819048266,5.1848972020926e-06,7.93362452767104e-08
"118",0.487367476124519,0.368903847454696,0.1196721353573,0.0215675290154098,0.00233216348872731,0.000151310422281569,5.4538876792802e-06,8.42493871766284e-08
"119",0.484223180545264,0.369998470980932,0.121165086704209,0.0220436019597544,0.00240623962187883,0.000157596452570787,5.73431433960929e-06,8.94210508885815e-08
"120",0.481096288766572,0.37106778568755,0.122658518046718,0.02252525254253,0.00248194912274173,0.000164084414225703,6.02655718915392e-06,9.4862474273719e-08
"121",0.477986720438668,0.372111997375794,0.12415228828108,0.0230124723412568,0.00255931110375423,0.000170778868832534,6.331005332068e-06,1.00585282649035e-07
"122",0.474894395508822,0.373131310756931,0.125646257703865,0.0235052522915393,0.0026383446449687,0.000177684435273402,6.64805710206607e-06,1.06601498721176e-07
"123",0.471819234220517,0.374125929456195,0.127140288004612,0.0240035826935356,0.00271906879165398,0.000184805789739156,6.97812019442188e-06,1.12923552688615e-07
"124",0.468761157112633,0.375096056016707,0.128634242258518,0.0245074532183979,0.00280150255191723,0.000192147665735587,7.32161179847497e-06,1.19564292513598e-07
"125",0.465720085018621,0.376041891903407,0.130127984919133,0.025016852914686,0.00288566489434517,0.000199714854083052,7.67895873063518e-06,1.26536994365284e-07
"126",0.462695939065685,0.376963637506959,0.131621381811089,0.0255317702147519,0.00297157474566479,0.000207512202909553,8.05059756787526e-06,1.33855373235489e-07
"127",0.459688640673963,0.377861492147657,0.133114300122846,0.0260521929410976,0.00305925098842339,0.000215544617637287,8.43697478170181e-06,1.41533593728455e-07
"128",0.456698111555714,0.378735654079318,0.134606608399459,0.0265781083127042,0.0031487124586879,0.000223817060962704,8.83854687259433e-06,1.4958628102605e-07
"129",0.453724273714496,0.379586320493173,0.136098176535367,0.0271095029513337,0.0032399779437635,0.0002323345528301,9.25578050490283e-06,1.5802853202982e-07
"130",0.450767049444358,0.380413687521734,0.137588875767206,0.0276463628878032,0.00333306617993141,0.000241102170398777,9.68915264219384e-06,1.66875926681309e-07
"131",0.447826361329025,0.381217950242669,0.139078578666643,0.0281886735682313,0.00342799585020586,0.000250125048003795,1.0139150683035e-05,1.76144539462055e-07
"132",0.44490213224109,0.381999302682659,0.140567159133226,0.0287364198602568,0.00352478558211015,0.000259408377110354,1.06062725972086e-05,1.85850951074683e-07
"133",0.441994285341201,0.382757937821246,0.142054492387267,0.0292895860592302,0.00362345394547178,0.000268957406261823,1.10910270623432e-05,1.96012260306507e-07
"134",0.439102744077256,0.383494047594676,0.143540454962735,0.0298481558943774,0.00372401945023658,0.000278777441021463,1.15939336009552e-05,2.06646096077062e-07
"135",0.436227432183596,0.384207822899731,0.14502492470018,0.030412112534936,0.00382650054430181,0.000288873843907855,1.21155227178881e-05,2.17770629670961e-07
"136",0.433368273680202,0.384899453597548,0.146507780739668,0.0309814385962644,0.00393091561136814,0.000299252034324078,1.26563360381424e-05,2.29404587157522e-07
"137",0.430525192871889,0.38556912851744,0.147988903513749,0.0315561161459233,0.00403728296881051,0.000309917488480656,1.32169264450829e-05,2.41567261998558e-07
"138",0.427698114347507,0.386217035460697,0.149468174740439,0.0321361267097303,0.00414562086556785,0.000320875739312313,1.37978582190166e-05,2.54278527845746e-07
"139",0.42488696297914,0.386843361204382,0.150945477416224,0.0327214512777866,0.00425594748005142,0.000332132376388555,1.43997071761296e-05,2.67558851529001e-07
"140",0.422091663921305,0.387448291505123,0.152420695809091,0.0333120703104774,0.00436828091807203,0.00034369304581812,1.50230608077732e-05,2.81429306237261e-07
"141",0.419312142610161,0.388032011102887,0.15389371545157,0.0339079637444441,0.00448263921078581,0.000355563450147317,1.56685184200895e-05,2.95911584893097e-07
"142",0.416548324762706,0.388594703724755,0.15536442313381,0.0345091109985306,0.00459904031265862,0.000367749348252287,1.63366912739674e-05,3.11028013722576e-07
"143",0.413800136375988,0.389136552088678,0.156832706896667,0.0351154909797015,0.00471750209944902,0.000380256555225219,1.70282027253173e-05,3.26801566021767e-07
"144",0.411067503726313,0.389657737907234,0.158298456024814,0.0357270820889337,0.00483804236620977,0.000393090942254544,1.77436883656565e-05,3.43255876121331e-07
"145",0.408350353368447,0.39015844189137,0.159761561039878,0.0363438622270813,0.00496067882530779,0.00040625843649914,1.84837961629941e-05,3.60415253550595e-07
"146",0.405648612134836,0.390638843754136,0.161221913693595,0.0369658088007136,0.00508542910446249,0.000419765020956581,1.92491866030058e-05,3.78304697402526e-07
"147",0.402962207134811,0.391099122214413,0.162679406960981,0.0375928987279253,0.00521231074480256,0.000433616734325455,2.00405328304895e-05,3.96949910901028e-07
"148",0.400291065753803,0.391539455000631,0.164133935033534,0.0382251084441216,0.00534134119894095,0.000447819670861779,2.08585207910905e-05,4.16377316171958e-07
"149",0.39763511565256,0.391960018854474,0.165585393312451,0.0388624139077748,0.00547253782906819,0.000462379980229549,2.17038493732868e-05,4.36614069219307e-07
"150",0.39499428476636,0.392360989534584,0.167033678401866,0.0395047906061556,0.00560591790506398,0.000477303867345447,2.25772305506259e-05,4.57688075107927e-07
"151",0.392368501304231,0.392742541820251,0.168478688102109,0.0401522135610366,0.00574149860262677,0.00049259759221774,2.34793895242012e-05,4.79628003354239e-07
"152",0.389757693748172,0.393104849515094,0.169920321402994,0.0408046573343703,0.00587929700142168,0.000508267469779394,2.44110648653589e-05,5.02463303526336e-07
"153",0.38716179085237,0.393448085450737,0.171358478477112,0.0414620960339398,0.00601933008324628,0.000524319869715435,2.53730086586266e-05,5.26224221054884e-07
"154",0.384580721642423,0.393772421490474,0.172793060673162,0.0421245033189831,0.00616161473021455,0.000540761216284604,2.63659866448516e-05,5.50941813256255e-07
"155",0.382014415414569,0.394078028532924,0.174223970509293,0.0427918524057912,0.0063061677229587,0.000557597988135296,2.73907783645408e-05,5.76647965569281e-07
"156",0.379462801734902,0.394365076515679,0.175651111666466,0.0434641160732794,0.00645300573884896,0.000574836718115856,2.84481773013913e-05,6.03375408007069e-07
"157",0.376925810438607,0.394633734418945,0.177074388981847,0.0441412666685332,0.00660214535023124,0.000592483993079237,2.95389910260022e-05,6.31157731825277e-07
"158",0.374403371629186,0.39488417026917,0.178493708442207,0.0448232761123263,0.00675360302268257,0.000610546453682052,3.06640413397575e-05,6.60029406408272e-07
"159",0.371895415677684,0.39511655114267,0.179908977177354,0.045510115904614,0.00690739511328436,0.000629030794178057,3.18241644188707e-05,6.9002579637458e-07
"160",0.369401873221927,0.395331043169235,0.181320103453582,0.0462017571299993,0.00706353786891335,0.00064794376220609,3.30202109585796e-05,7.21183178903043e-07
"161",0.366922675165746,0.395527811535742,0.182726996667138,0.046898170463173,0.00722204742455021,0.000667292158572493,3.42530463174844e-05,7.53538761281109e-07
"162",0.36445775267822,0.395707020489744,0.184129567337713,0.0475993261743286,0.00738293980160588,0.000687082837028061,3.5523550662016e-05,7.87130698676656e-07
"163",0.362007037192905,0.395868833343061,0.185527727101956,0.0483051941345497,0.00754623090626523,0.000707322704039519,3.6832619111026e-05,8.2199811213476e-07
"164",0.359570460407076,0.396013412475361,0.186921388706999,0.0490157438211726,0.00771193652784859,0.000728018718555591,3.81811618804895e-05,8.58181106800853e-07
"165",0.35714795428096,0.396140919337722,0.188310466004019,0.0497309443231225,0.00788007233719042,0.000749177891767669,3.95701044283085e-05,8.95720790371648e-07
"166",0.354739451036982,0.396251514456203,0.189694873941799,0.0504507643462233,0.00805065388503563,0.000770807286865114,4.10003875992082e-05,9.34659291775263e-07
"167",0.352344883159002,0.396345357435393,0.191074528560335,0.0511751722184826,0.00822369660045316,0.000792914018785222,4.2472967769715e-05,9.75039780081966e-07
"168",0.349964183391561,0.396422606961952,0.192449346984436,0.0519041358953501,0.00839921578926693,0.000815505253957894,4.39888169932068e-05,1.01690648364695e-06
"169",0.347597284739121,0.396483420808154,0.193819247417371,0.0526376229649504,0.00857722663250405,0.000838588210045013,4.5548923145025e-05,1.06030470948652e-06
"170",0.345244120465318,0.396527955835409,0.195184149134517,0.0533756006532902,0.00875774418486024,0.000862170155674591,4.71542900676395e-05,1.10528086288919e-06
"171",0.342904624092203,0.396556367997785,0.196543972477036,0.0541180358294399,0.0089407833731825,0.000886258410169693,4.88059377158561e-05,1.15188246726302e-06
"172",0.340578729399492,0.396568812345517,0.197898638845574,0.0548648950106894,0.00912635899496876,0.000910860343272174,5.05049023020564e-05,1.20015818422063e-06
"173",0.338266370423819,0.396565443028508,0.199248070693973,0.0556161443676783,0.00931448571688478,0.000935983374861256,5.22522364414593e-05,1.25015783390332e-06
"174",0.335967481457985,0.396546413299825,0.200592191523011,0.0563717497295011,0.00950517807329794,0.000961634974666985,5.40490092973971e-05,1.30193241554577e-06
"175",0.333681997050213,0.39651187551918,0.201930925874158,0.0571316765887862,0.00969845046482811,0.00098782266197859,5.58963067265934e-05,1.35553412828254e-06
"176",0.331409852003401,0.396461981156413,0.203264199323356,0.0578958901067502,0.00989431715691532,0.00101455400534776,5.77952314244331e-05,1.41101639219807e-06
"177",0.329150981374379,0.396396880794951,0.204591938474813,0.0586643551182261,0.0100927922784045,0.00104183662228691,5.97469030702173e-05,1.46843386962132e-06
"178",0.326905320473165,0.396316724135275,0.205914070954825,0.0594370361366667,0.0102938898201468,0.00106967817896242,6.17524584723899e-05,1.52784248666662e-06
"179",0.324672804862227,0.396221659998369,0.207230525405611,0.0602138973591231,0.0104976236336179,0.00109808638988286,6.38130517137278e-05,1.58929945502218e-06
"180",0.322453370355741,0.39611183632916,0.208541231479176,0.0609949026711968,0.0107040074295532,0.00112706901758236,6.59298542964846e-05,1.6528632939875e-06
"181",0.320246953018854,0.395987400199957,0.209846119831184,0.0617800156519678,0.0109130547765988,0.00115663387229899,6.81040552874775e-05,1.71859385276125e-06
"182",0.318053489166945,0.395848497813869,0.211145122114864,0.062569199578897,0.0111247790999807,0.00118678881164824,7.03368614631077e-05,1.78655233298099e-06
"183",0.315872915364893,0.395695274508234,0.212438170974922,0.0633624174327038,0.0113391936801889,0.00121754174029167,7.26294974543046e-05,1.85680131151615e-06
"184",0.313705168426343,0.395527874758017,0.213725200041488,0.0641596319022182,0.0115563116516791,0.00124890060960075,7.49832058913836e-05,1.92940476351563e-06
"185",0.311550185412969,0.395346442179216,0.215006143924066,0.0649608053892088,0.0117761460015906,0.00128087341731586,7.73992475488073e-05,2.00442808571155e-06
"186",0.309407903633748,0.395151119532253,0.216280938205523,0.065765900013185,0.0119987095684805,0.00131346820720053,7.98789014898414e-05,2.08193811998037e-06
"187",0.307278260644231,0.394942048725359,0.217549519436081,0.0665748776161749,0.0122240150410746,0.00134669306869094,8.2423465211094e-05,2.16200317716309e-06
"188",0.305161194245809,0.394719370817949,0.218811825127341,0.0673876997674782,0.012452074957034,0.00138055613654073,8.5034254786929e-05,2.24469306114564e-06
"189",0.303056642484993,0.394483226023987,0.220067793746319,0.0682043277683943,0.012682901701739,0.00141506559046109,8.77126050137437e-05,2.33007909320105e-06
"190",0.300964543652684,0.394233753715348,0.221317364709507,0.0690247226569255,0.012916507507088,0.00145022965475622,9.0459869554101e-05,2.41823413659478e-06
"191",0.298884836283454,0.393971092425167,0.222560478376953,0.0698488452124563,0.0131529044503139,0.00148605659795419,9.32774210807059e-05,2.50923262145464e-06
"192",0.296817459154817,0.393695379851181,0.223797076046356,0.0706766559604068,0.0133921044528152,0.00152255473243315,9.61666514202158e-05,2.60315056990663e-06
"193",0.294762351286516,0.393406752859064,0.225027099947191,0.071508115176863,0.0136341192790047,0.00155973241404304,9.91289716968762e-05,2.70006562147826e-06
"194",0.292719451939797,0.393105347485751,0.226250493234841,0.0723431828931813,0.013878960535173,0.00159759804172269,0.000102165812475971,2.80005705877057e-06
"195",0.290688700616693,0.392791298942755,0.22746719998476,0.0731818189005695,0.0141266396683686,0.00163616005711255,0.000105278623907076,2.90320583340054e-06
"196",0.288670037059311,0.392464741619481,0.22867716518665,0.0740239827546426,0.0143771679652941,0.00167542694416276,0.000108468875867111,3.00959459221495e-06
"197",0.286663401249109,0.392125809086518,0.229880334738657,0.0748696337799546,0.0146305565512175,0.00171540722873696,0.000111738058103172,3.11930770377748e-06
"198",0.284668733406191,0.39177463409894,0.23107665544159,0.0757187310745065,0.0148868163889,0.00175610947821156,0.000115087680375142,3.23243128513016e-06
"199",0.282685973988589,0.391411348599585,0.23226607499316,0.0765712335142286,0.0151459582775397,0.00179754230107065,0.000118519272598065,3.34905322883072e-06
"200",0.280715063691552,0.391036083722333,0.233448541982233,0.0774270997574405,0.0154079928517307,0.00183971434649664,0.000122034384984277,3.46926323026731e-06
"201",0.278755943446841,0.390648969795373,0.234624005883107,0.0782862882492849,0.0156729305804374,0.00188263430395645,0.000125634588185282,3.59315281525188e-06
"202",0.276808554422015,0.390250136344464,0.235792417049811,0.0791487572261391,0.0159407817659859,0.00192631090278347,0.000129321473433359,3.72081536789368e-06
"203",0.274872838019729,0.389839712096185,0.236953726710419,0.0800144647200011,0.0162115565430694,0.00197075291175528,0.000133096652682904,3.85234615875436e-06
"204",0.272948735877025,0.389417824981177,0.238107886961383,0.0808833685628526,0.0164852648777702,0.00201596913866707,0.000136961758751478,3.98784237328601e-06
"205",0.271036189864633,0.388984602137383,0.239254850761888,0.0817554263909969,0.0167619165665964,0.0020619684299009,0.000140918445460564,4.12740314055349e-06
"206",0.269135142086264,0.388540169913268,0.240394571928229,0.0826305956493746,0.017041521235535,0.00210875966999075,0.000144968387776024,4.27112956224273e-06
"207",0.267245534877909,0.388084653871042,0.241527005128202,0.0835088335958535,0.0173240883391197,0.00215635178118348,0.000149113281948236,4.41912474195608e-06
"208",0.265367310807144,0.38761817878987,0.242652105875514,0.0843900973054962,0.0176096271595138,0.00220475372299558,0.00015335484565191,4.57149381479629e-06
"209",0.263500412672426,0.387140868669073,0.24376983052422,0.0852743436748028,0.0178981468056095,0.00225397449176595,0.00015769481812557,4.72834397724066e-06
"210",0.2616447835024,0.386652846731324,0.244880136263172,0.0861615294259308,0.018189656212141,0.00230402312020452,0.000162134960310689,4.88978451730648e-06
"211",0.259800366555202,0.386154235425831,0.245982981110489,0.087051611110891,0.0184841641388141,0.00235490867693688,0.000166677054990477,5.05592684500941e-06
"212",0.257967105317766,0.385645156431519,0.247078323908048,0.087944545115719,0.0187816791694501,0.00240664026604492,0.000171322906928299,5.22688452311613e-06
"213",0.256144943505131,0.385125730660198,0.248166124315994,0.0888402876646245,0.0190822097111453,0.00245922702660353,0.000176074343005724,5.40277329819271e-06
"214",0.254333825059749,0.384596078259721,0.249246342807264,0.0897387948241162,0.019385763993445,0.00251267813221326,0.000180933212360184,5.58371113195003e-06
"215",0.252533694150794,0.384056318617146,0.25031894066214,0.0906400225071031,0.0196923500675331,0.00256700279052918,0.000185901386522249,5.76981823288778e-06
"216",0.250744495173477,0.383506570361873,0.251383879962813,0.091543926476973,0.0200019758054362,0.00262221024278584,0.000190980759552492,5.96121708823835e-06
"217",0.248966172748359,0.382946951368788,0.25244112358797,0.0924504623516473,0.020314648899243,0.0026783097633183,0.000196173248177943,6.15803249621212e-06
"218",0.24719867172066,0.382377578761388,0.253490635207397,0.0933595856076121,0.0206303768603379,0.00273531065907943,0.000201480791928118,6.36039159854547e-06
"219",0.245441937159581,0.381798568914903,0.254532379276602,0.0942712515839267,0.0209491670186504,0.00279322226915338,0.000206905353270621,6.56842391335305e-06
"220",0.243695914357616,0.381210037459414,0.255566321031464,0.0951854154862085,0.021271026521918,0.00285205396426534,0.000212448917746296,6.78226136828553e-06
"221",0.241960548829876,0.380612099282951,0.256592426482888,0.0961020323905948,0.0215959623349651,0.00291181514628743,0.000218113494103928,7.00203833399447e-06
"222",0.240235786313403,0.380004868534596,0.25761066241149,0.0970210572476812,0.0219239812389954,0.0029725152477411,0.000223901114434486,7.22789165790557e-06
"223",0.238521572766497,0.379388458627571,0.258620996362295,0.0979424448864373,0.0222550898308998,0.00303416373129565,0.000229813834304891,7.45996069830176e-06
"224",0.236817854368034,0.378762982242317,0.259623396639457,0.0988661500180994,0.022589294522578,0.00309677008926326,0.000235853732891293,7.69838735871757e-06
"225",0.235124577516793,0.378128551329571,0.260617832300996,0.0997921272400396,0.0229266015402758,0.00316034384309032,0.000242022913111874,7.94331612264613e-06
"226",0.233441688830779,0.377485277113426,0.261604273153555,0.100720331039613,0.0232670169239352,0.00322489454284523,0.00024832350175913,8.19489408856031e-06
"227",0.231769135146552,0.376833270094394,0.262582689747173,0.101650715797981,0.0236105465265608,0.00329043176670261,0.000254757649631651,8.45327100524933e-06
"228",0.230106863518556,0.376172640052454,0.263553053370084,0.102583235793911,0.0239571960135986,0.003356965120424,0.00026132753166538,8.71859930747226e-06
"229",0.228454821218445,0.37550349605009,0.264515336043524,0.103517845207558,0.0243069708623309,0.00342450423683508,0.000268035347064332,8.99103415192993e-06
"230",0.226812955734417,0.37482594643533,0.265469510516569,0.104454498124217,0.0246598763612842,0.00349305877529943,0.00027488331943078,9.27073345355651e-06
"231",0.225181214770545,0.374140098844765,0.266415550260978,0.105393148538055,0.0250159176096518,0.0035626384211888,0.000281873696894883,9.55785792213224e-06
"232",0.223559546246112,0.373446060206573,0.267353429466069,0.106333750355823,0.0253750995167305,0.00363325288535005,0.000289008752243754,9.85257109921888e-06
"233",0.221947898294944,0.372743936743525,0.268283123033602,0.107276257400544,0.0257374268013715,0.00370491190356868,0.00029629078304996,1.01550393954189e-05
"234",0.220346219264748,0.372033833975987,0.269204606572687,0.108220623415176,0.0261029039914451,0.00377762523602902,0.000303722111799435,1.04654321279604e-05
"235",0.218754457716451,0.371315856724919,0.270117856394708,0.109166802066255,0.0264715354233198,0.00385140266677109,0.000311305086018804,1.07839215586084e-05
"236",0.217172562423535,0.37059010911485,0.271022849508267,0.110114746947515,0.0268433252413548,0.00392625400314422,0.000319042078402107,1.1110682931905e-05
"237",0.215600482371383,0.369856694576869,0.271919563614147,0.111064411583487,0.0272182773974069,0.00400218907525734,0.00032693548693691,1.14458945137384e-05
"238",0.214038166756616,0.369115715851587,0.272807977100289,0.112015749433071,0.0275963956503511,0.00407921773542612,0.000334987735029796,1.17897376302438e-05
"239",0.21248556498644,0.368367274992101,0.273688069036795,0.112968713893093,0.0279776835656151,0.00415734985761689,0.000343201271631224,1.2142396707036e-05
"240",0.210942626677989,0.367611473366953,0.274559819170943,0.113923258301832,0.028362144514727,0.00423659533688735,0.000351578571359749,1.25040593087768e-05
"241",0.209409301657669,0.36684841166307,0.275423207922221,0.114879335942532,0.0287497816748778,0.00431696408882419,0.000360122134625584,1.28749161790765e-05
"242",0.207885539960511,0.366078189888708,0.276278216377386,0.115836900046886,0.0291405980284964,0.00439846604897764,0.000368834487753518,1.32551612807334e-05
"243",0.206371291829514,0.365300907376382,0.277124826285531,0.1167959037985,0.029534596362839,0.00448111117229281,0.000377718183105142,1.36449918363105e-05
"244",0.204866507714998,0.364516662785787,0.277963020053179,0.117756300336336,0.0299317792695917,0.00456490943253815,0.000386775799200408,1.40446083690525e-05
"245",0.203371138273956,0.363725554106719,0.278792780739391,0.118718042758135,0.0303321491444868,0.00464987082173076,0.000396009940838501,1.44542147441427e-05
"246",0.201885134369402,0.362927678661975,0.279614092050893,0.11968108412381,0.0307357081869323,0.00473600534955876,0.000405423239217993,1.48740182103037e-05
"247",0.200408447069733,0.362123133110263,0.280426938337224,0.120645377458827,0.0311424583996551,0.00482332304280073,0.000415018352056306,1.53042294417406e-05
"248",0.198941027648078,0.361312013449084,0.281231304585894,0.121610875757556,0.0315524015883574,0.00491183394474219,0.000424797963708446,1.57450625804301e-05
